 fold      AUC   PR-AUC  F1@best      thr
    1 0.627722 0.715923 0.765385 0.302073
    2 0.624398 0.712965 0.765310 0.305961
    3 0.625428 0.715024 0.765484 0.242382
    4 0.624777 0.713622 0.765379 0.221847
    5 0.623073 0.712328 0.765273 0.210211

OOF AUC: 0.6247 | OOF PR-AUC: 0.7265
Confusion matrix:
[[  1222 148395]
 [   564 242949]]
              precision    recall  f1-score   support

           0      0.684     0.008     0.016    149617
           1      0.621     0.998     0.765    243513

    accuracy                          0.621    393130
   macro avg      0.653     0.503     0.391    393130
weighted avg      0.645     0.621     0.480    393130
